resnet18:
  cifar10:    [0.1, 0.05, 0.01, 0.001]
  cifar100:   [0.1, 0.05, 0.01, 0.001]
  dermamnist: [0.01, 0.005, 0.001, 0.0005]
  pathmnist:  [0.01, 0.005, 0.001, 0.0005]

vit_b:
  cifar10:    [0.001, 0.0005, 0.0001, 0.00005]
  cifar100:   [0.001, 0.0005, 0.0001, 0.00005]
  dermamnist: [0.001, 0.0005, 0.0001, 0.00005]
  pathmnist:  [0.001, 0.0005, 0.0001, 0.00005]